1000|0.0002090|146.0568|0|0|18.0| SAT_1
1000|0.0002090|146.0568|25|0|18.0| SAT_2
1000|0.0002090|146.0568|50|0|18.0| SAT_3
1000|0.0002090|146.0568|75|0|18.0| SAT_4
1000|0.0002090|146.0568|100|0|18.0| SAT_5
1000|0.0002090|146.0568|125|0|18.0| SAT_6
1000|0.0002090|146.0568|150|0|18.0| SAT_7
1000|0.0002090|146.0568|175|0|18.0| SAT_8
1000|0.0002090|146.0568|200|0|18.0| SAT_9
1000|0.0002090|146.0568|225|0|18.0| SAT_10
1000|0.0002090|146.0568|250|0|18.0| SAT_11
1000|0.0002090|146.0568|275|0|18.0| SAT_12
1000|0.0002090|146.0568|300|0|18.0| SAT_13
1000|0.0002090|146.0568|325|0|18.0| SAT_14
1000|0.0002090|146.0568|350|0|18.0| SAT_15
1000|0.0002090|56.0568|0|25|18.0| SAT_16
1000|0.0002090|56.0568|25|25|18.0| SAT_17
1000|0.0002090|56.0568|50|25|18.0| SAT_18
1000|0.0002090|56.0568|75|25|18.0| SAT_19
1000|0.0002090|56.0568|100|25|18.0| SAT_20
1000|0.0002090|56.0568|125|25|18.0| SAT_21
1000|0.0002090|56.0568|150|25|18.0| SAT_22
1000|0.0002090|56.0568|175|25|18.0| SAT_23
1000|0.0002090|56.0568|200|25|18.0| SAT_24
1000|0.0002090|56.0568|225|25|18.0| SAT_25
1000|0.0002090|56.0568|250|25|18.0| SAT_26
1000|0.0002090|56.0568|275|25|18.0| SAT_27
1000|0.0002090|56.0568|300|25|18.0| SAT_28
1000|0.0002090|56.0568|325|25|18.0| SAT_29
1000|0.0002090|56.0568|350|25|18.0| SAT_30
1000|0.0002090|146.0568|0|50|18.0| SAT_31
1000|0.0002090|146.0568|25|50|18.0| SAT_32
1000|0.0002090|146.0568|50|50|18.0| SAT_33
1000|0.0002090|146.0568|75|50|18.0| SAT_34
1000|0.0002090|146.0568|100|50|18.0| SAT_35
1000|0.0002090|146.0568|125|50|18.0| SAT_36
1000|0.0002090|146.0568|150|50|18.0| SAT_37
1000|0.0002090|146.0568|175|50|18.0| SAT_38
1000|0.0002090|146.0568|200|50|18.0| SAT_39
1000|0.0002090|146.0568|225|50|18.0| SAT_40
1000|0.0002090|146.0568|250|50|18.0| SAT_41
1000|0.0002090|146.0568|275|50|18.0| SAT_42
1000|0.0002090|146.0568|300|50|18.0| SAT_43
1000|0.0002090|146.0568|325|50|18.0| SAT_44
1000|0.0002090|146.0568|350|50|18.0| SAT_45
1000|0.0002090|56.0568|0|75|18.0| SAT_46
1000|0.0002090|56.0568|25|75|18.0| SAT_47
1000|0.0002090|56.0568|50|75|18.0| SAT_48
1000|0.0002090|56.0568|75|75|18.0| SAT_49
1000|0.0002090|56.0568|100|75|18.0| SAT_50
1000|0.0002090|56.0568|125|75|18.0| SAT_51
1000|0.0002090|56.0568|150|75|18.0| SAT_52
1000|0.0002090|56.0568|175|75|18.0| SAT_53
1000|0.0002090|56.0568|200|75|18.0| SAT_54
1000|0.0002090|56.0568|225|75|18.0| SAT_55
1000|0.0002090|56.0568|250|75|18.0| SAT_56
1000|0.0002090|56.0568|275|75|18.0| SAT_57
1000|0.0002090|56.0568|300|75|18.0| SAT_58
1000|0.0002090|56.0568|325|75|18.0| SAT_59
1000|0.0002090|56.0568|350|75|18.0| SAT_60
1000|0.0002090|146.0568|0|100|18.0| SAT_61
1000|0.0002090|146.0568|25|100|18.0| SAT_62
1000|0.0002090|146.0568|50|100|18.0| SAT_63
1000|0.0002090|146.0568|75|100|18.0| SAT_64
1000|0.0002090|146.0568|100|100|18.0| SAT_65
1000|0.0002090|146.0568|125|100|18.0| SAT_66
1000|0.0002090|146.0568|150|100|18.0| SAT_67
1000|0.0002090|146.0568|175|100|18.0| SAT_68
1000|0.0002090|146.0568|200|100|18.0| SAT_69
1000|0.0002090|146.0568|225|100|18.0| SAT_70
1000|0.0002090|146.0568|250|100|18.0| SAT_71
1000|0.0002090|146.0568|275|100|18.0| SAT_72
1000|0.0002090|146.0568|300|100|18.0| SAT_73
1000|0.0002090|146.0568|325|100|18.0| SAT_74
1000|0.0002090|146.0568|350|100|18.0| SAT_75
1000|0.0002090|56.0568|0|125|18.0| SAT_76
1000|0.0002090|56.0568|25|125|18.0| SAT_77
1000|0.0002090|56.0568|50|125|18.0| SAT_78
1000|0.0002090|56.0568|75|125|18.0| SAT_79
1000|0.0002090|56.0568|100|125|18.0| SAT_80
1000|0.0002090|56.0568|125|125|18.0| SAT_81
1000|0.0002090|56.0568|150|125|18.0| SAT_82
1000|0.0002090|56.0568|175|125|18.0| SAT_83
1000|0.0002090|56.0568|200|125|18.0| SAT_84
1000|0.0002090|56.0568|225|125|18.0| SAT_85
1000|0.0002090|56.0568|250|125|18.0| SAT_86
1000|0.0002090|56.0568|275|125|18.0| SAT_87
1000|0.0002090|56.0568|300|125|18.0| SAT_88
1000|0.0002090|56.0568|325|125|18.0| SAT_89
1000|0.0002090|56.0568|350|125|18.0| SAT_90
1000|0.0002090|146.0568|0|150|18.0| SAT_91
1000|0.0002090|146.0568|25|150|18.0| SAT_92
1000|0.0002090|146.0568|50|150|18.0| SAT_93
1000|0.0002090|146.0568|75|150|18.0| SAT_94
1000|0.0002090|146.0568|100|150|18.0| SAT_95
1000|0.0002090|146.0568|125|150|18.0| SAT_96
1000|0.0002090|146.0568|150|150|18.0| SAT_97
1000|0.0002090|146.0568|175|150|18.0| SAT_98
1000|0.0002090|146.0568|200|150|18.0| SAT_99
1000|0.0002090|146.0568|225|150|18.0| SAT_100
1000|0.0002090|146.0568|250|150|18.0| SAT_101
1000|0.0002090|146.0568|275|150|18.0| SAT_102
1000|0.0002090|146.0568|300|150|18.0| SAT_103
1000|0.0002090|146.0568|325|150|18.0| SAT_104
1000|0.0002090|146.0568|350|150|18.0| SAT_105
1000|0.0002090|56.0568|0|175|18.0| SAT_106
1000|0.0002090|56.0568|25|175|18.0| SAT_107
1000|0.0002090|56.0568|50|175|18.0| SAT_108
1000|0.0002090|56.0568|75|175|18.0| SAT_109
1000|0.0002090|56.0568|100|175|18.0| SAT_110
1000|0.0002090|56.0568|125|175|18.0| SAT_111
1000|0.0002090|56.0568|150|175|18.0| SAT_112
1000|0.0002090|56.0568|175|175|18.0| SAT_113
1000|0.0002090|56.0568|200|175|18.0| SAT_114
1000|0.0002090|56.0568|225|175|18.0| SAT_115
1000|0.0002090|56.0568|250|175|18.0| SAT_116
1000|0.0002090|56.0568|275|175|18.0| SAT_117
1000|0.0002090|56.0568|300|175|18.0| SAT_118
1000|0.0002090|56.0568|325|175|18.0| SAT_119
1000|0.0002090|56.0568|350|175|18.0| SAT_120
1000|0.0002090|146.0568|0|200|18.0| SAT_121
1000|0.0002090|146.0568|25|200|18.0| SAT_122
1000|0.0002090|146.0568|50|200|18.0| SAT_123
1000|0.0002090|146.0568|75|200|18.0| SAT_124
1000|0.0002090|146.0568|100|200|18.0| SAT_125
1000|0.0002090|146.0568|125|200|18.0| SAT_126
1000|0.0002090|146.0568|150|200|18.0| SAT_127
1000|0.0002090|146.0568|175|200|18.0| SAT_128
1000|0.0002090|146.0568|200|200|18.0| SAT_129
1000|0.0002090|146.0568|225|200|18.0| SAT_130
1000|0.0002090|146.0568|250|200|18.0| SAT_131
1000|0.0002090|146.0568|275|200|18.0| SAT_132
1000|0.0002090|146.0568|300|200|18.0| SAT_133
1000|0.0002090|146.0568|325|200|18.0| SAT_134
1000|0.0002090|146.0568|350|200|18.0| SAT_135
1000|0.0002090|56.0568|0|225|18.0| SAT_136
1000|0.0002090|56.0568|25|225|18.0| SAT_137
1000|0.0002090|56.0568|50|225|18.0| SAT_138
1000|0.0002090|56.0568|75|225|18.0| SAT_139
1000|0.0002090|56.0568|100|225|18.0| SAT_140
1000|0.0002090|56.0568|125|225|18.0| SAT_141
1000|0.0002090|56.0568|150|225|18.0| SAT_142
1000|0.0002090|56.0568|175|225|18.0| SAT_143
1000|0.0002090|56.0568|200|225|18.0| SAT_144
1000|0.0002090|56.0568|225|225|18.0| SAT_145
1000|0.0002090|56.0568|250|225|18.0| SAT_146
1000|0.0002090|56.0568|275|225|18.0| SAT_147
1000|0.0002090|56.0568|300|225|18.0| SAT_148
1000|0.0002090|56.0568|325|225|18.0| SAT_149
1000|0.0002090|56.0568|350|225|18.0| SAT_150
1000|0.0002090|146.0568|0|250|18.0| SAT_151
1000|0.0002090|146.0568|25|250|18.0| SAT_152
1000|0.0002090|146.0568|50|250|18.0| SAT_153
1000|0.0002090|146.0568|75|250|18.0| SAT_154
1000|0.0002090|146.0568|100|250|18.0| SAT_155
1000|0.0002090|146.0568|125|250|18.0| SAT_156
1000|0.0002090|146.0568|150|250|18.0| SAT_157
1000|0.0002090|146.0568|175|250|18.0| SAT_158
1000|0.0002090|146.0568|200|250|18.0| SAT_159
1000|0.0002090|146.0568|225|250|18.0| SAT_160
1000|0.0002090|146.0568|250|250|18.0| SAT_161
1000|0.0002090|146.0568|275|250|18.0| SAT_162
1000|0.0002090|146.0568|300|250|18.0| SAT_163
1000|0.0002090|146.0568|325|250|18.0| SAT_164
1000|0.0002090|146.0568|350|250|18.0| SAT_165
1000|0.0002090|56.0568|0|275|18.0| SAT_166
1000|0.0002090|56.0568|25|275|18.0| SAT_167
1000|0.0002090|56.0568|50|275|18.0| SAT_168
1000|0.0002090|56.0568|75|275|18.0| SAT_169
1000|0.0002090|56.0568|100|275|18.0| SAT_170
1000|0.0002090|56.0568|125|275|18.0| SAT_171
1000|0.0002090|56.0568|150|275|18.0| SAT_172
1000|0.0002090|56.0568|175|275|18.0| SAT_173
1000|0.0002090|56.0568|200|275|18.0| SAT_174
1000|0.0002090|56.0568|225|275|18.0| SAT_175
1000|0.0002090|56.0568|250|275|18.0| SAT_176
1000|0.0002090|56.0568|275|275|18.0| SAT_177
1000|0.0002090|56.0568|300|275|18.0| SAT_178
1000|0.0002090|56.0568|325|275|18.0| SAT_179
1000|0.0002090|56.0568|350|275|18.0| SAT_180
1000|0.0002090|146.0568|0|300|18.0| SAT_181
1000|0.0002090|146.0568|25|300|18.0| SAT_182
1000|0.0002090|146.0568|50|300|18.0| SAT_183
1000|0.0002090|146.0568|75|300|18.0| SAT_184
1000|0.0002090|146.0568|100|300|18.0| SAT_185
1000|0.0002090|146.0568|125|300|18.0| SAT_186
1000|0.0002090|146.0568|150|300|18.0| SAT_187
1000|0.0002090|146.0568|175|300|18.0| SAT_188
1000|0.0002090|146.0568|200|300|18.0| SAT_189
1000|0.0002090|146.0568|225|300|18.0| SAT_190
1000|0.0002090|146.0568|250|300|18.0| SAT_191
1000|0.0002090|146.0568|275|300|18.0| SAT_192
1000|0.0002090|146.0568|300|300|18.0| SAT_193
1000|0.0002090|146.0568|325|300|18.0| SAT_194
1000|0.0002090|146.0568|350|300|18.0| SAT_195
1000|0.0002090|56.0568|0|325|18.0| SAT_196
1000|0.0002090|56.0568|25|325|18.0| SAT_197
1000|0.0002090|56.0568|50|325|18.0| SAT_198
1000|0.0002090|56.0568|75|325|18.0| SAT_199
1000|0.0002090|56.0568|100|325|18.0| SAT_200
1000|0.0002090|56.0568|125|325|18.0| SAT_201
1000|0.0002090|56.0568|150|325|18.0| SAT_202
1000|0.0002090|56.0568|175|325|18.0| SAT_203
1000|0.0002090|56.0568|200|325|18.0| SAT_204
1000|0.0002090|56.0568|225|325|18.0| SAT_205
1000|0.0002090|56.0568|250|325|18.0| SAT_206
1000|0.0002090|56.0568|275|325|18.0| SAT_207
1000|0.0002090|56.0568|300|325|18.0| SAT_208
1000|0.0002090|56.0568|325|325|18.0| SAT_209
1000|0.0002090|56.0568|350|325|18.0| SAT_210
1000|0.0002090|146.0568|0|350|18.0| SAT_211
1000|0.0002090|146.0568|25|350|18.0| SAT_212
1000|0.0002090|146.0568|50|350|18.0| SAT_213
1000|0.0002090|146.0568|75|350|18.0| SAT_214
1000|0.0002090|146.0568|100|350|18.0| SAT_215
1000|0.0002090|146.0568|125|350|18.0| SAT_216
1000|0.0002090|146.0568|150|350|18.0| SAT_217
1000|0.0002090|146.0568|175|350|18.0| SAT_218
1000|0.0002090|146.0568|200|350|18.0| SAT_219
1000|0.0002090|146.0568|225|350|18.0| SAT_220
1000|0.0002090|146.0568|250|350|18.0| SAT_221
1000|0.0002090|146.0568|275|350|18.0| SAT_222
1000|0.0002090|146.0568|300|350|18.0| SAT_223
1000|0.0002090|146.0568|325|350|18.0| SAT_224
1000|0.0002090|146.0568|350|350|18.0| SAT_225
